6650 6675 157
6675 6082 157
6082 6395 157
6395 6083 157
6083 5477 157
5477 6396 157
6396 6057 157
6057 6086 157
6086 6123 157
6123 5501 157
5501 4370 157
4370 3215 157
3215 3216 157
3216 3217 157
3217 3218 157
3218 2236 157
2236 2200 157
2200 2198 157
2198 2247 157
2247 2234 157
2234 2194 157
2194 2222 157
2222 2196 157
2196 2197 157
2197 2228 157
2228 2218 157
2218 2219 157
2219 2192 157
2192 2186 157
2186 2209 157
2209 2181 157
2181 2255 157
2255 2230 157
2230 2252 157
2252 4039 157
4039 2250 157
2250 2202 157
2202 2210 157
2210 3219 157
3219 2231 157
2231 2261 157
2261 2223 157
2223 2213 157
2213 2188 157
2188 2185 157
2185 2204 157
2204 2226 157
2226 2179 157
2179 2257 157
2257 5690 157
5690 5691 157
5691 1618 157
6671 6672 164
6672 6721 164
6721 6722 164
6722 6673 164
6673 6674 164
6674 6650 164
1618 2225 153
2225 2178 153
2178 2258 153
2258 2180 153
2180 2227 153
2227 2260 153
2260 2259 153
2259 2189 153
2189 2214 153
2214 2224 153
2224 2262 153
2262 2232 153
2232 3220 153
3220 2211 153
2211 5109 153
5109 2251 153
2251 4038 153
4038 2253 153
2253 2254 153
2254 2256 153
2256 2182 153
2182 2208 153
2208 2187 153
2187 2193 153
2193 2220 153
2220 2217 153
2217 2229 153
2229 2241 153
2241 5833 153
5833 2190 153
2190 2195 153
2195 2235 153
2235 2249 153
2249 2199 153
2199 2201 153
2201 2239 153
2239 2237 153
2237 2245 153
2245 2207 153
2207 3221 153
3221 5413 153
5413 6125 153
6125 6052 153
6052 6126 153
6126 5500 153
5500 6072 153
6072 6127 153
6127 6139 153
6139 6665 153
6665 6666 153
6666 6667 153
6667 6668 153
6668 6669 153
6669 6670 153
6670 6671 153
5415 5504 129
5504 5506 129
5506 5507 129
5507 5508 129
5508 1227 129
1227 1180 129
1180 3222 129
3222 1215 129
1215 1195 129
1195 1234 129
1234 1231 129
1231 1222 129
1222 1185 129
1185 1182 129
1182 1224 129
1224 1205 129
1205 1217 129
1217 1209 129
1209 1210 129
1210 1225 129
1225 1176 129
1176 1192 129
1192 1169 129
1169 1194 129
1194 1178 129
1178 1198 129
1198 1237 129
1237 1173 129
1173 1232 129
1232 1171 129
1171 1203 129
1203 1190 129
1190 1220 129
1220 1168 129
1168 1219 129
1219 1201 129
1201 4427 118
4427 4428 118
4428 4430 118
4430 4431 118
4431 4432 118
4432 4433 118
4433 3960 118
1201 567 11
3960 2286 122
2286 2321 122
2321 6489 122
6489 4437 122
4437 4438 122
4438 4439 122
4439 4441 122
4441 1179 122
1179 1202 127
1202 1214 127
1214 1175 127
1175 1221 127
1221 1191 127
1191 1204 127
1204 1172 127
1172 1233 127
1233 1174 127
1174 1238 127
1238 1178 127
1178 1189 127
1189 1183 127
1183 1169 127
1169 1193 127
1193 1177 127
1177 1226 127
1226 1211 127
1211 1208 127
1208 1218 127
1218 1188 127
1188 1187 127
1187 1212 127
1212 1186 127
1186 1223 127
1223 1230 127
1230 1235 127
1235 1196 127
1196 1199 127
1199 1200 127
1200 1228 127
1228 2806 127
2806 5415 127
6551 5970 194
5970 5971 194
5971 5972 194
5972 5973 194
5973 5974 194
5974 3234 194
3234 3902 194
3902 3236 194
3236 747 194
747 735 194
735 3224 194
3224 750 194
750 733 194
733 713 194
713 745 194
745 748 194
748 743 194
743 701 194
701 740 194
740 727 194
727 706 194
706 737 194
737 722 194
722 724 194
724 712 194
712 690 194
690 715 194
715 691 194
691 5883 194
5883 693 194
693 754 194
754 756 194
756 751 194
751 699 194
699 718 194
718 709 194
709 741 194
741 731 194
731 2290 194
2290 728 194
728 698 194
698 5717 194
5717 730 194
730 696 194
696 688 194
688 739 194
739 5407 194
5407 4222 194
4222 4223 194
4223 4224 194
4224 4233 194
4233 5408 194
5408 5531 194
5531 6520 194
6520 5533 194
5533 6644 194
6644 5433 194
5433 5510 191
5510 5511 191
5511 5513 191
5513 5432 191
5432 5514 191
5514 5515 191
5515 5516 191
5516 5517 191
5517 5518 191
5518 5409 191
5409 5520 191
5520 5521 191
5521 5522 191
5522 5523 191
5523 5524 191
5524 5525 191
5525 3642 191
3642 5526 191
5526 5527 191
5527 742 191
742 710 191
710 719 191
719 703 191
703 752 191
752 695 191
695 755 191
755 694 191
694 5882 191
5882 720 191
720 692 191
692 711 191
711 689 191
689 697 191
697 704 191
704 725 191
725 723 191
723 738 191
738 707 191
707 705 191
705 726 191
726 702 191
702 744 191
744 749 191
749 753 191
753 714 191
714 734 191
734 3225 191
3225 736 191
736 3226 191
3226 3227 191
3227 3802 191
3802 5975 191
5975 5967 191
5967 5968 191
5968 5969 191
5969 5995 191
5995 6551 191
4324 4184 116
4184 4172 116
4172 1385 116
1385 6532 116
6532 5102 116
5102 5103 116
5103 5105 116
5105 5106 116
5106 3230 116
3230 3231 116
3231 5107 116
5107 5108 116
5108 5042 116
5042 5043 116
5043 128 116
128 132 116
132 126 116
126 136 116
136 2875 116
2875 2890 116
2890 2947 116
2947 2944 116
2944 2922 116
2922 2942 116
2942 2935 116
2935 2940 116
2940 2925 116
2925 2937 116
2937 2931 116
2931 2948 116
2948 2934 116
2934 2919 116
2919 2929 116
2929 2915 116
2915 5130 116
5130 5863 116
5863 2918 116
2918 3103 116
3103 3079 116
3079 3090 116
3090 3092 116
3092 3119 116
3119 3141 116
3141 3106 116
3106 3100 116
3100 2769 116
2769 2749 116
2749 2767 116
2767 2760 116
2760 2758 116
2758 2741 116
2741 2546 116
2546 2531 116
2531 2539 116
2539 2543 123
2543 2737 123
2737 2735 123
2735 2730 123
2730 2734 123
2734 2733 123
2733 598 112
598 2189 112
2189 2214 119
2214 2224 119
2224 2262 119
2262 2538 119
2538 2530 119
2530 2764 119
2764 2742 119
2742 2759 119
2759 2747 119
2747 2768 119
2768 2748 119
2748 3150 119
3150 3099 119
3099 3105 119
3105 3140 119
3140 3118 119
3118 3120 119
3120 3090 119
3090 3102 119
3102 3640 119
3640 2917 119
2917 2918 119
2918 5863 119
5863 2932 119
2932 2916 119
2916 2930 119
2930 2920 119
2920 6373 119
6373 6374 119
6374 3237 119
3237 6398 119
6398 2939 119
2939 2936 119
2936 2943 119
2943 2923 119
2923 2945 119
2945 2889 119
2889 2891 119
2891 135 119
135 136 119
136 127 119
127 131 119
131 129 119
129 133 119
133 3931 119
3931 5094 119
5094 4043 119
4043 5095 119
5095 3932 119
3932 5096 119
5096 4188 119
4188 5536 119
5536 5688 119
5688 1389 119
1389 6531 119
6531 1386 119
1386 5876 119
5876 6371 119
6371 4324 119
6213 6330 178
6330 69 178
69 1635 178
1635 1672 178
1672 1669 178
1669 1665 178
1665 1639 178
1639 1675 178
1675 1664 178
1664 1667 178
1667 1658 178
1658 1661 178
1661 1637 178
1637 1645 178
1645 1656 178
1656 1659 178
1659 1671 178
1671 1643 178
1643 1649 178
1649 1641 178
1641 1653 178
1653 1677 178
1677 1633 178
1633 5369 178
5369 1651 178
1651 5541 178
5541 5542 178
5542 5543 178
5543 5544 178
5544 5712 178
5712 4013 178
4013 4014 186
4014 5367 186
5367 4015 186
4015 4016 186
4016 4017 186
4017 5372 186
5372 4018 186
4018 4013 186
4013 4020 186
4020 4021 186
4021 4022 186
4022 4023 186
4023 4024 186
4024 4025 186
4025 5410 186
5410 5538 180
5538 5539 180
5539 5540 180
5540 5541 180
5541 1652 180
1652 5370 180
5370 1634 180
1634 1670 180
1670 1654 180
1654 1642 180
1642 1650 180
1650 1644 180
1644 1660 180
1660 1657 180
1657 1646 180
1646 1638 180
1638 1662 180
1662 1678 180
1678 3212 180
3212 1676 180
1676 1640 180
1640 1666 180
1666 1672 180
1672 78 180
78 68 180
68 6213 180
6217 6522 148
6522 6530 148
6530 6521 148
6521 1700 148
1700 199 148
199 158 148
158 161 148
161 163 148
163 196 148
196 3665 148
3665 226 148
226 178 148
178 5440 148
5440 2296 148
2296 2333 148
2333 3242 148
3242 2330 148
2330 2300 148
2300 2283 148
2283 2303 148
2303 2278 156
2278 2270 156
2270 2290 156
2290 2288 156
2288 2281 146
2281 2301 146
2301 2298 146
2298 2292 146
2292 6231 146
6231 2302 146
2302 2285 146
2285 3643 146
3643 4450 139
4450 5547 139
5547 5548 139
5548 5549 139
5549 5411 139
5411 5551 139
5551 5552 139
5552 5555 81
5555 5554 81
5554 5556 81
5556 5412 81
5412 6002 81
6002 6003 81
6003 6004 81
6004 6005 81
6005 5561 81
5561 5562 81
5562 6059 81
6059 5475 81
5552 3907 58
3907 1035 58
1035 3908 58
3908 5735 58
5735 6392 58
6392 4453 58
4453 4275 58
4275 4454 58
4454 4455 58
4455 4456 58
4456 4457 58
4457 4458 58
4458 5195 58
5195 5197 58
5197 5199 58
5199 5200 58
5200 5201 58
5201 5202 58
5202 5203 58
5203 5204 58
5204 6128 58
6128 5474 58
3643 1618 7
5475 5702 68
5702 5564 68
5564 5416 68
5416 5567 68
5567 5568 68
5568 5569 68
5569 5570 68
5570 5737 68
5737 5572 68
5572 5573 68
5573 5574 68
5574 5575 68
5575 5997 68
5997 5998 68
5998 5999 68
5999 5576 68
5576 5577 68
5577 5734 68
5734 5578 68
5578 5545 68
5545 5546 135
5546 2183 135
2183 2233 135
2233 2242 135
2242 2327 135
2327 2306 135
2306 2316 142
2316 2286 142
2286 2321 142
2321 6489 142
6489 6232 142
6232 2293 142
2293 2299 142
2299 2311 142
2311 2282 152
2282 3642 152
3642 2291 152
2291 2312 152
2312 2328 152
2328 2304 152
2304 5709 152
5709 2284 152
2284 2308 152
2308 3245 152
3245 2331 152
2331 2325 152
2325 2334 152
2334 2297 152
2297 215 152
215 225 152
225 174 152
174 3666 152
3666 195 152
195 162 152
162 159 152
159 1683 152
1683 6521 152
6521 1685 152
1685 6217 152
5474 5206 61
5206 5207 61
5207 6006 61
6006 6007 61
6007 6008 61
6008 6009 61
6009 6010 61
6010 6372 61
6372 3835 61
3835 5553 61
5553 5677 61
5677 5545 61
1785 2716 164
2716 2725 164
2725 2720 164
2720 2718 164
2718 2722 164
2722 2717 164
2717 2721 164
2721 2727 164
2727 2723 164
2723 2724 164
2724 778 164
778 4064 164
4064 4066 164
4066 4068 164
4068 4070 164
4070 2069 164
2069 2068 164
2068 2067 164
2067 1695 164
1695 1702 164
1702 6112 164
6112 5460 164
5460 6119 164
6119 6158 164
6158 6207 164
6207 6120 164
6120 1688 164
1688 1694 164
1694 1703 164
1703 2596 164
2596 2056 164
2056 2069 164
2069 2073 164
2073 2066 164
2066 5454 164
5454 2059 164
2059 2071 164
2071 2070 164
2070 2058 164
2058 2061 164
2061 2063 164
2063 2064 164
2064 2065 164
2065 2072 164
2072 2062 164
2062 1785 164
6043 5878 316
5878 4184 316
4184 4341 316
4341 5390 316
5390 4342 316
4342 1785 316
1785 1756 316
1756 1740 316
1740 1758 316
1758 1774 316
1774 1778 316
1778 1742 316
1742 1760 316
1760 1733 316
1733 1721 316
1721 1747 316
1747 1776 316
1776 1768 316
1768 1766 316
1766 1773 316
1773 1715 316
1715 1780 316
1780 1749 316
1749 1763 316
1763 1720 316
1720 1754 316
1754 1737 316
1737 1726 316
1726 6393 316
6393 6394 316
6394 6347 316
6347 6213 316
6213 6397 317
6397 6192 317
6192 6193 317
6193 1726 317
1726 1736 317
1736 1754 317
1754 1769 317
1769 1764 317
1764 1746 317
1746 1781 317
1781 1772 317
1772 1732 317
1732 1767 317
1767 1777 317
1777 1748 317
1748 1734 317
1734 1735 317
1735 1730 317
1730 1743 317
1743 1779 317
1779 1775 317
1775 1759 317
1759 1741 317
1741 5720 317
5720 1785 317
1785 4372 317
4372 5381 317
5381 4119 317
4119 6026 317
6377 4485 193
4485 4486 193
4486 4301 193
4301 5341 193
5341 5915 193
5915 5916 193
5916 6348 193
6348 3598 193
3598 3655 193
3655 3257 193
3257 3258 193
3258 3259 193
3259 3260 193
3260 830 193
830 874 193
874 840 193
840 901 193
901 857 193
857 888 193
888 889 193
889 836 193
836 866 193
866 5836 193
5836 877 193
877 869 193
869 849 193
849 871 193
871 894 193
894 892 193
892 851 193
851 875 193
875 842 193
842 898 193
898 896 193
896 841 193
841 838 193
838 865 193
865 897 193
897 861 193
861 879 193
879 884 193
884 859 193
859 844 193
844 829 193
829 847 193
847 854 193
854 828 193
828 834 193
834 832 193
832 853 193
853 903 193
903 881 193
881 637 193
637 639 193
639 632 193
632 626 193
626 635 193
635 630 193
630 623 193
623 627 193
627 620 193
620 556 193
556 5403 211
5403 550 211
550 655 211
655 3685 223
3685 6379 223
6379 3688 223
3688 3689 223
618 619 194
619 628 194
628 624 194
624 622 194
622 631 194
631 636 194
636 633 194
633 640 194
640 863 194
863 882 194
882 904 194
904 856 194
856 833 194
833 835 194
835 886 194
886 887 194
887 846 194
846 837 194
837 845 194
845 860 194
860 885 194
885 880 194
880 855 194
855 864 194
864 848 194
848 839 194
839 868 194
868 891 194
891 899 194
899 843 194
843 876 194
876 852 194
852 893 194
893 895 194
895 872 194
872 850 194
850 870 194
870 878 194
878 862 194
862 867 194
867 890 194
890 5401 194
5401 900 194
900 902 194
902 5402 194
5402 873 194
873 831 194
831 3334 194
3334 3335 194
3335 3418 194
3418 3261 194
3261 3617 194
3617 3262 194
3262 5948 194
5948 3825 194
3825 5340 194
5340 4298 194
4298 4481 194
4481 6375 194
6375 6376 194
6376 6377 194
3689 618 182
4229 4218 131
4218 4369 131
4369 5584 45
5584 5706 45
5706 4413 45
4413 5587 45
5587 5213 45
5213 5707 45
5707 3298 45
3298 3299 45
3299 3300 45
3300 3301 45
3301 3302 87
3302 3303 87
3303 3304 87
3304 2681 87
2681 2659 87
2659 2700 87
2700 5722 87
5722 2136 87
2136 2123 131
2123 2121 131
2121 5035 131
5035 3832 131
3832 2131 131
2131 2120 131
2120 2107 131
2107 2128 131
2128 2139 131
2139 2137 131
2137 2109 131
2109 2130 131
2130 2101 131
2101 2141 131
2141 3268 131
3268 2117 131
2117 1788 131
1788 1792 131
1792 1797 131
1797 1790 131
1790 1793 131
1793 1795 131
1795 2594 131
2594 2598 131
2598 2045 131
2045 2042 131
2042 2096 131
2096 2133 131
2133 2085 131
2085 2099 131
2099 2089 131
2089 6493 131
6493 2142 131
2142 2115 131
2115 2118 131
2118 2125 131
2125 2112 131
2112 2086 131
2086 2091 131
2091 2093 131
2093 2084 131
2084 2105 131
2105 2111 131
2111 5954 69
5954 5953 69
5953 3269 69
3269 5391 131
5391 3270 131
3270 3895 131
3895 3502 131
3502 3927 123
3927 3929 123
3929 3274 109
4369 3996 86
3996 3997 86
3997 5275 86
5275 4303 86
4303 3805 86
3805 3282 86
3282 3283 86
3283 3263 86
3263 3264 86
3264 3265 86
3265 3266 86
3266 3267 44
3267 2136 44
3502 3503 8
3503 1571 8
3266 3053 42
3053 3045 42
3045 3453 42
3453 3043 42
3043 3301 42
3274 5393 137
5393 3275 137
3275 5394 137
5394 2106 137
2106 2098 137
2098 2097 137
2097 2114 137
2114 2083 137
2083 2094 137
2094 2092 137
2092 2087 137
2087 2113 137
2113 2126 137
2126 2119 137
2119 6496 137
6496 2143 137
2143 6494 137
6494 2090 137
2090 2100 137
2100 2134 137
2134 2135 137
2135 2043 137
2043 2044 137
2044 2597 137
2597 2595 137
2595 1789 137
1789 1794 137
1794 1791 137
1791 1798 137
1798 1796 137
1796 2144 137
2144 2145 137
2145 2146 137
2146 6648 137
6648 6647 137
6647 2116 137
2116 2110 137
2110 2138 137
2138 2140 137
2140 2095 137
2095 2108 137
2108 2120 137
2120 2132 137
2132 5093 137
5093 2122 137
2122 2124 137
2124 2694 90
2694 5723 90
5723 2699 90
2699 2658 90
2658 1068 90
1068 1056 90
1056 1059 90
1059 1063 90
1063 1069 90
1069 1064 90
1064 1066 90
1066 3420 90
3420 3276 90
3276 3277 90
3277 3427 90
3427 3343 90
3343 4413 90
4413 6478 90
6478 4229 90
2124 3998 47
3998 3999 47
3999 4000 47
4000 4001 47
4001 4002 47
4002 4003 47
4003 4004 47
4004 5579 47
5579 5580 47
5580 5581 47
5581 5583 47
5583 5584 47
5584 4229 47
6228 35 312
35 6201 312
6201 1316 312
1316 1269 312
1269 1274 312
1274 4183 312
4183 6134 312
6134 1307 312
1307 1318 312
1318 5051 312
5051 1315 312
1315 4280 312
4280 4281 312
4281 1300 312
1300 4282 312
4282 4283 312
4283 1308 312
1308 4284 312
4284 4285 312
4285 1291 312
1291 4286 312
4286 1310 312
1310 4287 312
4287 5606 233
5606 5418 233
5418 6688 233
6688 4288 233
4287 1881 79
1881 679 79
679 4288 79
4288 4289 317
4289 4290 317
4290 1311 317
1311 4291 317
4291 4292 317
4292 6185 317
6185 4293 317
4293 4294 317
4294 6186 317
6186 1266 317
1266 4295 317
4295 1301 317
1301 4425 317
4425 4296 317
4296 4297 317
4297 1314 317
1314 5051 317
5051 4322 317
4322 1284 317
1284 1326 317
1326 1273 317
1273 1268 317
1268 1302 317
1302 6154 317
6154 1374 317
1374 6228 317
5278 5279 95
5279 5280 95
5280 5325 95
5325 5281 95
5281 5282 95
5282 5283 95
5283 5284 95
5284 5285 95
5285 5286 95
5286 5287 95
5287 6386 95
6386 3464 95
3464 5267 95
5267 2607 95
2607 2608 95
2608 2602 95
2602 2605 95
2605 2601 95
2601 2079 95
2079 2078 95
2078 5333 95
5333 5721 95
5721 5335 95
5335 5603 95
5603 5698 95
5698 5699 95
5699 5604 95
5604 5605 95
5605 1902 95
1902 1901 192
1901 1874 192
1874 6491 192
6491 1849 192
1849 1870 192
1870 1851 192
1851 1904 192
1904 1908 192
1908 1862 192
1862 1872 192
1872 1906 192
1906 1897 192
1897 1894 192
1894 1841 192
1841 1889 192
1889 1913 192
1913 1857 192
1857 1843 192
1843 1899 192
1899 5879 192
5879 1847 192
1847 1875 192
1875 1911 192
1911 1885 192
1885 1890 192
1890 1879 192
1879 1883 192
1883 1877 192
1877 1853 192
1853 1839 192
1839 1855 192
1855 1859 192
1859 1866 192
1866 1887 192
1887 1835 192
1835 1865 192
1865 1837 192
1837 1881 192
1881 679 192
679 677 192
1903 1896 195
1896 5595 195
5595 6095 104
6095 6096 104
6096 3308 104
3308 3309 104
3309 3507 104
3507 1824 104
1824 2825 97
2825 6500 97
6500 1902 97
677 1281 192
1281 1882 192
1882 1838 192
1838 1864 192
1864 1871 192
1871 1888 192
1888 1860 192
1860 1856 192
1856 1840 192
1840 6024 192
6024 1854 192
1854 1878 192
1878 1884 192
1884 1880 192
1880 1891 192
1891 1886 192
1886 1912 192
1912 1876 192
1876 1847 192
1847 1848 192
1848 1836 192
1836 1900 192
1900 1898 192
1898 1858 192
1858 6364 192
6364 1861 192
1861 1842 192
1842 1895 192
1895 1868 192
1868 1907 192
1907 1873 192
1873 1863 192
1863 1909 192
1909 1905 192
1905 1852 192
1852 1869 192
1869 1850 192
1850 1892 192
1892 1844 192
1844 1845 192
1845 1903 192
5595 5596 91
5596 5597 91
5597 5419 91
5419 5599 91
5599 5700 91
5700 5600 91
5600 5601 91
5601 2604 91
2604 2606 91
2606 2603 91
2603 2609 91
2609 2600 91
2600 5361 91
5361 4375 91
4375 5326 91
5326 4376 91
4376 4377 91
4377 5276 91
5276 5277 91
5277 5701 91
5701 5278 91
1824 2824 7
3262 5948 168
5948 3251 168
3251 3252 168
3252 5913 168
5913 5914 168
5914 5867 168
5867 5906 168
5906 5621 168
5621 5622 168
5622 5421 168
5421 6482 168
6482 5624 168
5624 5235 168
5235 5880 168
5880 5237 168
5237 5830 168
5830 5838 168
5838 1328 168
1328 1383 168
1383 4339 168
4339 1409 168
1409 1262 168
1262 5625 168
5625 1411 168
1411 5689 168
5689 5626 168
5626 5831 168
5831 6238 168
6238 6239 168
6239 4172 168
4172 5876 168
5876 6371 168
6371 6039 168
6039 4184 166
4184 5379 166
5379 3039 166
3039 5442 166
5442 1335 166
1335 1412 166
1412 1394 166
1394 1410 166
1410 4231 166
4231 4338 166
4338 1384 166
1384 1329 166
1329 1352 166
1352 5234 166
5234 5607 166
5607 5608 166
5608 5609 166
5609 5610 166
5610 5420 166
5420 5612 166
5612 5613 166
5613 5614 166
5614 5422 166
5422 5616 166
5616 5909 166
5909 5910 166
5910 5911 166
5911 5912 166
5912 3253 166
3253 3254 166
3254 3255 166
3255 3256 166
3256 3262 162
3256 6348 4
6240 2340 112
2340 1252 112
1252 1257 112
1257 1255 112
1255 1250 112
1250 1253 112
1253 1248 112
1248 1259 112
1259 2505 112
2505 2572 112
2572 6501 112
6501 5649 112
5649 5650 112
5650 5651 112
5651 2279 112
2279 2317 112
2317 2320 112
2320 2319 112
2319 2324 112
2324 2309 112
2309 5440 112
5440 2296 112
2296 2333 112
2333 3242 112
3242 2980 112
2980 5652 112
5652 5672 112
5672 5676 112
5676 5428 112
5428 5674 112
5674 5675 112
5675 5653 112
5653 5654 112
5654 6524 112
6524 2521 112
2521 6525 112
6525 5658 112
5658 5659 112
5659 3223 112
3223 5435 112
5435 5704 112
5704 5662 112
5662 5663 112
5663 5066 112
5066 5087 112
5087 5862 112
5862 5887 112
5887 5888 112
5888 5889 112
5889 5890 112
5890 5891 112
5891 5951 112
5951 5858 112
5858 5952 110
5952 5892 114
5892 5893 114
5893 5894 114
5894 5895 114
5895 5896 114
5896 5859 114
5859 5897 114
5897 5898 114
5898 5899 114
5899 5668 114
5668 5669 114
5669 2524 106
2524 3223 106
3223 2520 106
2520 6529 106
6529 2526 106
2526 2521 106
2521 4442 106
4442 4443 106
4443 5678 106
5678 5427 106
5427 5676 106
5676 5672 106
5672 2995 106
2995 2331 106
2331 2325 106
2325 2334 106
2334 2297 106
2297 2275 106
2275 2310 106
2310 2322 106
2322 2323 106
2323 2273 106
2273 2318 106
2318 5438 106
5438 5644 106
5644 5645 106
5645 5646 106
5646 2563 106
2563 2506 106
2506 1254 106
1254 1260 106
1260 1261 106
1261 1249 106
1249 1247 106
1247 1251 106
1251 1256 106
1256 1258 106
1258 2342 106
2342 2341 106
2341 1375 43
2341 1363 63
1363 6240 63
5669 3951 8
3951 5409 8
6409 6410 114
6410 6411 114
6411 6412 114
6412 6413 114
6413 6414 114
6414 6415 114
6415 6416 114
6416 6417 114
6417 6418 114
6418 6419 114
6419 6420 114
6420 5754 114
5754 6477 114
6477 5726 114
5726 5755 114
5755 6421 114
6421 6422 114
6422 6423 114
6423 6424 114
6424 6425 114
6425 6426 114
6426 6427 114
6427 6428 114
6428 6429 114
6429 6430 114
6430 6431 114
6431 6432 114
6432 5169 114
5169 5170 114
5170 5171 114
5171 5172 114
5172 5857 114
5857 5185 114
5185 6550 114
6550 3819 114
3819 5174 114
5174 5175 114
5175 2268 114
2268 2265 114
2265 5177 114
5177 6542 106
5177 6481 8
6542 6444 114
6444 5382 114
5382 3477 114
3477 6569 114
6569 6570 114
6570 597 114
597 2263 114
2263 5181 114
5181 2264 114
2264 5182 114
5182 5850 114
5850 5113 114
5113 5114 114
5114 5115 114
5115 3819 114
3819 5116 114
5116 5183 114
5183 5117 114
5117 6363 114
6363 5934 114
5934 4055 114
4055 4056 114
4056 4057 114
4057 6451 114
6451 6452 114
6452 6453 114
6453 6454 114
6454 5764 114
5764 5765 114
5765 5766 114
5766 6455 114
6455 6456 114
6456 6457 114
6457 6458 114
6458 6459 114
6459 6460 114
6460 6461 114
6461 6462 114
6462 6463 114
6463 6544 114
6544 6517 114
6517 6464 114
6464 6414 114
6414 6633 114
6633 6634 114
6634 6468 114
6468 6470 114
6470 6534 114
6534 6583 114
6583 6535 114
6535 6619 114
6619 6620 114
6620 6621 114
6621 6622 114
6622 6623 114
6623 6624 114
6624 3863 114
3863 3865 114
3865 3866 114
3866 5139 114
5139 3726 114
3726 5164 114
5164 5166 114
5166 6626 114
6626 823 114
823 5179 114
5179 6538 114
6538 6627 114
6627 6628 114
6628 6629 114
6629 6148 114
6148 6366 114
6366 4179 114
4179 824 114
824 6144 114
6144 3165 114
3165 3173 114
3173 3171 114
3171 3174 114
3174 6176 114
6176 6433 114
6433 6434 114
6434 6435 114
6435 6436 114
6436 6437 114
6437 6438 114
6438 6439 114
6439 6440 114
6440 6441 114
6441 6442 114
6442 6541 114
6541 3727 106
3727 3728 106
3728 6646 106
6646 4488 106
4488 4489 114
4489 6445 114
6445 6446 114
6446 6447 114
6447 6448 114
6448 6449 114
6449 3722 114
3722 342 114
342 6166 114
6166 6167 114
6167 6161 114
6161 6162 114
6162 6163 114
6163 6164 114
6164 6145 114
6145 6165 114
6165 5886 114
5886 6450 114
6450 6540 114
6540 6609 114
6609 6610 114
6610 6611 114
6611 6539 114
6539 822 114
822 823 114
823 816 114
816 6188 114
6188 5121 114
5121 5122 114
5122 5782 114
5782 5783 114
5783 5784 114
5784 5785 114
5785 5786 114
5786 6537 114
6537 6612 114
6612 6613 114
6613 6614 114
6614 6615 114
6615 6616 114
6616 6617 114
6617 6536 114
6536 6618 114
6618 6409 110
4487 4488 8
6618 6471 4
5584 6654 120
6654 6716 120
6716 6655 120
6655 6717 114
6717 6718 114
6718 6719 114
6719 6720 114
6720 4483 114
4483 6728 114
6728 6729 114
6729 6730 114
6730 6656 114
6656 6694 114
6694 6731 114
6731 6732 114
6732 6733 114
6733 6734 114
6734 6735 114
6735 6657 114
6657 6736 114
6736 6737 114
6737 6738 114
6738 6739 114
6739 6740 114
6740 6658 114
6658 6741 114
6741 6742 114
6742 6743 114
6743 6744 114
6744 6659 114
6659 6745 114
6745 4333 114
4333 6051 114
6051 4344 114
4344 4345 114
4345 4334 114
4334 4372 114
4372 5381 114
5381 4119 114
4119 4324 114
6041 4254 114
4254 6766 114
6766 6695 114
6695 6696 114
6696 6697 114
6697 6651 114
6651 6698 114
6698 6699 114
6699 6700 114
6700 6701 114
6701 6652 114
6652 6702 114
6702 6703 114
6703 6704 114
6704 6705 114
6705 6706 114
6706 5422 114
5422 5616 114
5616 6707 114
6707 6708 114
6708 6709 114
6709 6710 114
6710 6693 114
6693 6664 114
6664 6711 114
6711 6712 114
6712 6376 114
6376 6653 114
6653 6713 114
6713 6714 114
6714 6715 114
6715 5584 114
5745 5746 145
5746 5747 145
5747 5748 145
5748 5749 145
5749 5751 145
5751 5752 145
5752 5753 145
5753 6683 145
6683 6684 145
6684 6746 145
6746 6662 145
6662 6685 145
6685 6686 145
6686 6691 145
6691 6747 145
6747 6748 145
6748 6749 145
6749 3702 145
3702 5501 145
5501 4370 145
4370 3215 145
3215 3216 145
3216 2838 145
2838 2865 290
2865 2858 290
2858 2847 290
2847 2806 290
2806 2784 290
2784 2783 290
2783 2793 290
2793 2791 290
2791 2785 290
2785 2867 290
2867 2862 290
2862 2837 290
2837 2812 290
2812 2797 290
2797 2810 290
2810 2831 290
2831 2850 290
2850 2866 290
2866 2815 290
2815 2852 290
2852 2848 290
2848 2789 290
2789 2798 290
2798 2856 290
2856 2817 290
2817 2820 290
2820 2835 290
2835 2833 290
2833 2844 290
2844 2841 290
2841 2829 290
2829 2825 290
2825 6500 290
6500 2827 290
2827 2823 290
2823 2796 290
2796 2787 290
2787 2819 290
2819 2272 290
2272 2415 290
2415 2888 290
2888 1820 290
1820 2787 290
2787 1819 290
6689 5756 145
5756 5757 145
5757 5758 145
5758 5727 145
5727 5851 145
5851 2838 145
1819 2822 294
2822 2828 294
2828 2780 294
2780 2824 294
2824 2830 294
2830 2846 294
2846 2845 294
2845 2834 294
2834 2836 294
2836 2820 294
2820 2818 294
2818 2857 294
2857 2799 294
2799 2790 294
2790 2849 294
2849 2853 294
2853 2816 294
2816 2854 294
2854 2851 294
2851 2832 294
2832 2814 294
2814 2811 294
2811 2813 294
2813 2804 294
2804 2863 294
2863 2868 294
2868 2786 294
2786 2792 294
2792 2795 294
2795 2794 294
2794 2860 294
2860 2808 294
2808 2807 294
2807 2859 294
2859 2864 294
2864 2245 147
2245 2207 147
2207 3221 147
3221 3721 147
3721 6750 147
6750 6751 147
6751 6055 147
6055 6056 147
6056 5449 147
5449 6680 147
6680 6662 147
6662 6746 147
6746 6681 147
6681 6690 147
6690 6753 147
6753 6754 147
6754 6755 147
6755 6756 147
6756 6757 147
6757 6758 147
6758 6689 147
2864 2839 147
2839 2809 147
2809 3853 147
3853 3861 147
3861 3854 147
3854 3855 147
3855 3856 147
3856 3862 147
3862 5727 147
5727 5743 147
5743 5744 147
5744 5745 147
5730 5770 317
5770 5772 317
5772 5773 317
5773 5774 317
5774 5775 317
5775 3867 317
3867 3876 317
3876 3877 317
3877 3878 317
3878 925 317
925 967 317
967 993 317
993 979 317
979 978 317
978 921 317
921 994 317
994 943 317
943 953 317
953 937 317
937 959 317
959 942 317
942 933 317
933 930 317
930 919 317
919 1000 317
1000 996 317
996 957 317
957 6687 317
6687 955 317
955 946 317
946 972 317
972 970 317
970 968 317
968 990 317
990 932 317
932 961 317
961 992 317
992 987 317
987 926 317
926 940 317
940 945 317
945 5347 317
5347 949 317
949 974 317
974 3741 317
3741 982 317
982 918 317
918 936 317
936 964 317
964 923 317
923 292 317
292 1078 298
5764 5765 356
5765 5766 356
5766 5767 356
5767 5768 356
5768 5730 356
292 270 19
1078 1094 318
1094 952 318
952 966 318
966 922 318
922 965 318
965 923 318
923 963 318
963 984 318
984 924 318
924 983 318
983 973 318
973 975 318
975 6019 318
6019 5348 318
5348 986 318
986 941 318
941 927 318
927 988 318
988 917 318
917 962 318
962 929 318
929 991 318
991 969 318
969 971 318
971 951 318
951 956 318
956 6649 318
6649 958 318
958 950 318
950 997 318
997 1001 318
1001 920 318
920 928 318
928 934 318
934 935 318
935 960 318
960 938 318
938 954 318
954 944 318
944 995 318
995 980 318
980 989 318
989 981 318
981 3353 318
3353 3354 318
3354 3355 318
3355 3356 318
3356 3679 318
3679 5740 318
5740 5760 318
5760 5761 318
5761 5763 318
5763 5764 318
5943 5944 193
5944 6677 193
6677 5945 193
5945 5875 193
5875 5874 193
5874 4058 193
4058 4059 193
4059 4060 193
4060 4062 193
4062 6188 193
6188 3681 193
3681 3920 193
3920 3682 193
3682 3684 193
3684 3365 193
3365 3366 193
3366 3367 193
3367 2579 193
2579 2582 193
2582 2586 193
2586 2561 193
2561 2570 193
2570 2560 193
2560 2573 193
2573 2565 193
2565 2558 193
2558 2576 193
2576 2554 193
2554 2591 193
2591 2588 193
2588 2577 193
2577 2563 193
2563 2506 193
2506 2504 193
2504 2503 193
2503 2882 193
2882 2880 193
2880 2881 193
2881 2883 193
2883 2876 193
2876 1776 193
1776 1768 193
1768 1766 193
1766 795 193
795 786 193
786 764 193
764 775 193
775 799 193
799 791 193
791 782 193
782 788 193
788 802 193
802 792 193
792 763 193
763 765 193
765 1592 193
1592 1600 193
1600 1562 193
1562 1567 193
1567 1559 193
1559 1604 193
1604 5718 193
5718 1563 193
1563 1595 193
1595 1596 193
1596 1573 193
1573 1557 193
1557 6141 193
6141 1602 193
1602 6497 193
6497 1590 193
1590 1581 193
1581 1586 193
1586 1578 193
1578 1560 193
1560 1552 193
1552 3658 193
3658 1565 193
1565 1568 193
1568 1584 193
1584 1576 193
1576 1550 193
1550 5993 193
5993 1571 155
5993 3508 29
3508 3274 5
5993 674 9
1571 1549 183
1549 1614 183
1614 6187 183
6187 827 183
827 1572 183
1572 5994 194
5994 1551 194
1551 1574 194
1574 1585 194
1585 1569 194
1569 1566 194
1566 3657 194
3657 6020 194
6020 1561 194
1561 1579 194
1579 1586 194
1586 1599 194
1599 1591 194
1591 6498 194
6498 1603 194
1603 1577 194
1577 1558 194
1558 1554 194
1554 1597 194
1597 1588 194
1588 1564 194
1564 5719 194
5719 1605 194
1605 1555 194
1555 1594 194
1594 1580 194
1580 1601 194
1601 1593 194
1593 766 194
766 793 194
793 767 194
767 789 194
789 783 194
783 790 194
790 800 194
800 776 194
776 764 194
764 796 194
796 779 194
779 1732 194
1732 1767 194
1767 2879 194
2879 2877 194
2877 2884 194
2884 2880 194
2880 2509 194
2509 2505 194
2505 2572 194
2572 2553 194
2553 2590 194
2590 2592 194
2592 2555 194
2555 2576 194
2576 2559 194
2559 2566 194
2566 2574 194
2574 2581 194
2581 2571 194
2571 2562 194
2562 2587 194
2587 2583 194
2583 2580 194
2580 3368 194
3368 3772 194
3772 5776 194
5776 5777 194
5777 5779 194
5779 5164 194
5164 4253 194
4253 784 194
784 772 194
772 777 194
777 801 194
801 797 194
797 5875 194
5875 5936 194
5936 5937 194
5937 5884 194
5884 5869 194
5869 5943 194
6479 5261 249
5261 4107 249
4107 5338 249
5338 3690 249
3690 3389 249
3389 3390 249
3390 3620 249
3620 3622 249
3622 477 249
477 3391 249
3391 530 249
530 538 249
538 463 249
463 509 249
509 453 249
453 515 249
515 525 249
525 533 249
533 6294 249
6294 487 249
487 540 249
540 499 249
499 462 249
462 473 249
473 480 249
480 484 249
484 536 249
536 467 249
467 465 249
465 464 249
464 517 249
517 541 249
541 6333 249
6333 5713 249
5713 5715 249
5715 78 249
78 68 249
68 6217 249
6217 6117 249
6117 489 249
489 3392 249
3392 445 249
445 497 249
497 447 249
447 449 249
449 459 249
459 472 249
472 483 249
483 451 249
451 501 249
501 508 249
508 6526 249
6526 524 249
524 522 249
522 458 249
458 491 249
491 455 249
455 482 249
482 503 249
503 513 249
513 3393 249
3393 5711 249
5711 3692 249
3692 3395 275
3395 4313 275
4313 3396 275
3396 3397 275
3397 3398 275
3398 2485 275
2485 2449 275
2449 2452 275
2452 2473 26
2452 3399 249
3399 3676 249
3676 3641 249
3641 529 249
529 470 249
470 457 249
457 504 249
504 543 249
543 495 249
495 496 249
496 492 249
492 523 249
523 486 249
486 511 249
511 512 249
512 502 249
502 452 249
452 479 249
479 460 249
460 450 249
450 448 249
448 498 249
498 446 249
446 490 249
490 6117 249
6117 6143 249
6143 6330 249
6330 69 249
69 6331 249
6331 6332 249
6332 5714 249
5714 542 249
542 531 249
531 518 249
518 464 249
464 466 249
466 468 249
468 6490 249
6490 485 249
485 456 249
456 474 249
474 461 249
461 500 249
500 535 249
535 488 249
488 532 249
532 534 249
534 519 249
519 516 249
516 3402 249
3402 509 249
509 3403 249
3403 538 249
538 530 249
530 3406 249
3406 478 249
478 507 249
507 3775 249
3775 4180 249
4180 3776 249
3776 5209 249
5209 3777 249
3777 5259 249
5259 5260 249
5260 6479 249
5885 6638 54
6638 6168 54
6168 6169 54
6169 6170 54
6170 6171 54
6171 6172 54
6172 6173 54
6173 6174 54
6174 6175 54
6175 81 54
81 100 54
100 76 54
76 95 54
95 92 54
92 72 54
72 97 54
97 66 54
66 55 54
55 691 54
691 1801 54
1801 2932 54
2932 98 54
98 57 54
57 83 54
83 5872 54
5872 5870 54
5870 5713 54
5713 5715 54
5715 78 54
78 68 54
68 6217 54
6217 6522 54
6522 6530 54
6530 6521 54
6521 2638 54
2638 6281 54
6281 2621 54
2621 2620 54
2620 2611 54
2611 2612 54
2612 2625 54
2625 2614 54
2614 2632 54
2632 2630 54
2630 2616 54
2616 2618 54
2618 2642 54
2642 2648 54
2648 5015 54
5015 2652 54
2652 2653 54
2653 2651 54
2651 2636 54
2636 2646 54
2646 2639 54
2639 2633 54
2633 2644 54
2644 4040 54
4040 5817 54
5817 5932 54
5932 6503 54
6503 2628 54
2628 4040 54
4040 2656 54
2656 2645 50
2656 1899 4
2645 2634 58
2634 2640 58
2640 2647 58
2647 2637 58
2637 2627 58
2627 2654 58
2654 2629 58
2629 2624 58
2624 2649 58
2649 2643 58
2643 2617 58
2617 2631 58
2631 2615 58
2615 2626 58
2626 2613 58
2613 2641 58
2641 2611 58
2611 2622 58
2622 2621 58
2621 6281 58
6281 6521 58
6521 1685 58
1685 6217 58
6217 6330 58
6330 69 58
69 5434 58
5434 3584 58
3584 5714 58
5714 5871 58
5871 5872 58
5872 5633 58
5633 84 58
84 56 58
56 2915 58
2915 5866 58
5866 1800 58
1800 1799 58
1799 720 58
720 63 58
63 55 58
55 67 58
67 73 58
73 70 58
70 96 58
96 5291 58
5291 100 58
100 82 58
82 52 58
52 50 58
50 86 58
86 102 58
102 61 58
61 85 58
85 6367 58
6367 6639 58
6639 6549 58
6144 6179 121
6179 6178 121
6178 6608 121
6608 6568 121
6568 1345 121
1345 3789 121
3789 3153 121
3153 3115 121
3115 3131 121
3131 3130 121
3130 3150 121
3150 3099 121
3099 3105 121
3105 3140 121
3140 3118 121
3118 3120 121
3120 755 53
755 694 53
694 1801 53
1801 5130 53
5130 5863 53
5863 2918 53
2918 3155 53
3155 3154 121
3154 3113 121
3113 3132 121
3132 3101 121
3101 3149 121
3149 3087 121
3087 3111 121
3111 3076 121
3076 3074 121
3074 1127 121
1127 1701 121
1701 1683 121
1683 6521 121
6521 1685 121
1685 6159 121
6159 6397 121
6397 6192 121
6192 6193 121
6193 6198 121
6198 1723 121
1723 1738 121
1738 1770 121
1770 1752 121
1752 1718 121
1718 1725 121
1725 332 121
332 5958 121
5958 5979 121
5979 882 121
882 3094 121
3094 3078 121
3078 3121 121
3121 3110 121
3110 3128 121
3128 3157 125
3157 3137 125
3137 3084 125
3084 3107 125
3107 3145 125
3145 3095 125
3095 3097 125
3097 3123 125
3123 3082 125
3082 4077 125
4077 4080 125
4080 6344 125
6344 6345 125
6345 205 125
205 194 125
194 177 125
177 208 125
208 3419 125
3419 1847 114
1847 1875 114
1875 3124 114
3124 3098 118
3098 3095 118
3095 3146 118
3146 3108 118
3108 3144 118
3144 3138 118
3138 3125 118
3125 3129 118
3129 3139 118
3139 3122 118
3122 3116 118
3116 903 118
903 5980 118
5980 5981 118
5981 335 118
335 332 118
332 338 118
338 1762 118
1762 1783 118
1783 1719 118
1719 1753 118
1753 1771 118
1771 1739 118
1739 1724 118
1724 6393 118
6393 6394 118
6394 6347 118
6347 6157 118
6157 6522 118
6522 6530 118
6530 6521 118
6521 1700 118
1700 1682 118
1682 3114 118
3114 1127 118
1127 3075 118
3075 3077 118
3077 3112 118
3112 3088 118
3088 3117 118
3117 3134 118
3134 3133 118
3133 3113 118
3113 3081 118
3081 3155 118
3155 2917 50
2917 2918 50
2918 5863 50
5863 5866 50
5866 1800 50
1800 1799 50
1799 5883 50
5883 693 50
693 5935 50
5935 3092 50
3092 3119 118
3119 3141 118
3141 3106 118
3106 3100 118
3100 3152 118
3152 3089 118
3089 3131 118
3131 3135 118
3135 3148 118
3148 3789 118
3789 3085 118
3085 6016 118
6016 6177 118
6177 6178 118
6178 6179 118
6179 6144 118
6549 3819 70
3819 5174 70
5174 5175 70
5175 6630 70
6630 6548 70
6548 6564 70
6564 6567 70
6567 2966 70
2966 3422 70
3422 2977 70
2977 2989 70
2989 2996 70
2996 2978 70
2978 2956 70
2956 2991 70
2991 2957 70
2957 2967 70
2967 2985 70
2985 2974 70
2974 2969 70
2969 2964 70
2964 2997 70
2997 2993 70
2993 2975 70
2975 2980 70
2980 2982 70
2982 2955 66
2955 5482 66
5482 1982 66
1982 1980 66
1980 1979 66
1979 1975 66
1975 1994 66
1994 2004 66
2004 2002 66
2002 1989 66
1989 1983 66
1983 1997 66
1997 1985 66
1985 2015 66
2015 2022 66
2022 2024 66
2024 2029 66
2029 2026 66
2026 1998 66
1998 2006 66
2006 1984 66
1984 2032 66
2032 2013 66
2013 1890 66
1890 2017 66
2982 5652 4
2019 2007 70
2007 2012 70
2012 2033 70
2033 1126 70
1126 3654 70
3654 1999 70
1999 2028 70
2028 2025 70
2025 2015 70
2015 2023 70
2023 1993 70
1993 2014 70
2014 1990 70
1990 2003 70
2003 2005 70
2005 1995 70
1995 1976 70
1976 1978 70
1978 1981 70
1981 2972 70
2972 5483 70
5483 5484 70
5484 2995 70
2995 2981 70
2981 2988 70
2988 2994 70
2994 2962 70
2962 2965 70
2965 2970 70
2970 2987 70
2987 2986 70
2986 2968 70
2968 2963 70
2963 2992 70
2992 2956 70
2956 2979 70
2979 2983 66
2983 2984 66
2984 2976 66
2976 6184 66
6184 6183 66
6183 6563 66
6563 6564 66
6564 6547 66
6547 6565 66
6565 5114 66
5114 5115 66
5115 3819 66
3819 5885 66
2017 2019 66
2770 2772 182
2772 2268 16
2268 6635 182
6635 6058 186
6058 1460 186
1460 1493 186
1493 1477 186
1477 1431 186
1431 5395 186
5395 1512 186
1512 5396 186
5396 1498 186
1498 1454 186
1454 1517 186
1517 1525 186
1525 1420 186
1420 1456 186
1456 1505 186
1505 1506 186
1506 1514 186
1514 1444 186
1444 1475 186
1475 1519 186
1519 3936 186
3936 3937 186
3937 6137 186
6137 1511 186
1511 1439 186
1439 1473 186
1473 1418 186
1418 1417 186
1417 1416 186
1416 1437 186
1437 6276 186
6276 1458 186
1458 1429 186
1429 1482 186
1482 1435 186
1435 1441 186
1441 1425 186
1425 1489 186
1489 1491 186
1491 1503 186
1503 1520 186
1520 1468 186
1468 1463 186
1463 1446 186
1446 1479 186
1479 1465 186
1465 1486 186
1486 1426 186
1426 1433 186
1433 1470 186
1470 1509 186
1509 1423 186
1423 1484 186
1484 1507 186
1507 4352 186
4352 4354 205
4354 4378 205
4378 411 205
411 1623 205
1623 1495 205
1495 1496 205
2772 3000 166
3000 3001 166
3001 1119 166
1119 1120 166
1120 1118 166
1118 2268 166
3940 3941 184
3941 6018 184
6018 3942 184
3942 1499 184
1499 1476 184
1476 1445 184
1445 1467 184
1467 1483 184
1483 1523 184
1523 1457 184
1457 1421 184
1421 1518 184
1518 1455 184
1455 1497 184
1497 1502 184
1502 1513 184
1513 3426 184
3426 1432 184
1432 1478 184
1478 1494 184
1494 1461 184
1461 1450 184
1450 5850 16
5850 2772 16
2772 2773 176
2773 2775 176
2775 2770 176
1496 1452 184
1452 1507 184
1507 1484 184
1484 1449 184
1449 1510 184
1510 1471 184
1471 1434 184
1434 1427 184
1427 1487 184
1487 1466 184
1466 1480 184
1480 1447 184
1447 1464 184
1464 1469 184
1469 1521 184
1521 1504 184
1504 1492 184
1492 1490 184
1490 1424 184
1424 5375 184
5375 1436 184
1436 1481 184
1481 1462 184
1462 1430 184
1430 1459 184
1459 1419 184
1419 1422 184
1422 1448 184
1448 1488 184
1488 1500 184
1500 1440 184
1440 1474 184
1474 1438 184
1438 1547 184
1547 3651 184
3651 3940 184
1450 5387 160
5387 6325 160
6325 1123 160
1123 1121 160
1121 2999 160
2999 3002 160
3002 3244 160
3244 2774 160
2774 2772 160
1450 2265 8
6544 6517 150
6517 6587 150
6587 6588 150
6588 6589 150
6589 6591 150
6591 6592 150
6592 6545 150
6545 6593 135
6593 6594 135
6594 6536 135
6536 6618 135
6618 6471 135
6471 6472 135
6472 6473 135
6473 6595 135
6595 6596 135
6596 6597 135
6597 6139 135
6139 5448 135
5448 6073 135
6073 6074 135
6074 6075 135
6075 5499 135
5499 6044 135
6044 6045 135
6045 5447 135
5447 6212 135
6212 6543 135
6543 6598 139
6598 6599 139
6599 6574 139
6574 6601 139
6601 6602 139
6602 6603 139
6603 5876 139
5876 6371 139
6371 6031 276
6031 4254 139
4254 2665 139
2665 2682 139
2682 2690 139
2690 2675 139
2675 2702 139
2702 2707 139
2707 2670 139
2670 2686 139
2686 2708 139
2708 2694 139
2694 5723 139
5723 2699 139
2699 2658 139
2658 2680 139
2680 2663 139
2663 6760 139
6760 2710 139
2710 2696 139
2696 2673 139
2673 2661 139
2661 2711 139
2711 2705 139
2705 2706 139
2706 2684 139
2684 6660 139
6660 6272 139
6272 6724 139
6724 6725 139
6725 6661 139
6661 6761 148
6761 6762 148
6762 6726 148
6726 6727 148
6727 6763 148
6763 6502 148
6502 6383 148
6383 6252 148
6252 6692 137
6692 6773 137
6773 6271 137
6271 6272 137
6272 2679 137
2679 2685 137
2685 2677 137
2677 2704 137
2704 2712 137
2712 2660 137
2660 2696 137
2696 5594 137
5594 6485 137
6485 2664 137
2664 2681 137
2681 2659 137
2659 2700 137
2700 5722 137
5722 2695 137
2695 2709 137
2709 2687 137
2687 2671 137
2671 2703 137
2703 2676 137
2676 6764 137
6764 6765 137
6765 6371 137
6031 6643 137
6643 6571 137
6571 6572 137
6572 6573 137
6573 6574 137
6574 6575 137
6575 6516 137
6516 5497 137
5497 6401 137
6401 6641 137
6641 6576 137
6576 6577 137
6577 6578 137
6578 6579 137
6579 6083 137
6083 6580 137
6580 6581 137
6581 6582 137
6582 6405 137
6405 6406 137
6406 6407 137
6407 6408 137
6408 6534 137
6534 6583 137
6583 6584 137
6584 6585 137
6585 6586 137
6586 6544 137
6215 6522 112
6522 6530 112
6530 6521 112
6521 1700 112
1700 199 112
199 158 112
158 17 84
17 30 84
30 25 84
25 28 84
28 18 84
18 1500 84
1500 1440 84
1440 1661 84
1661 1637 84
1637 399 84
399 403 84
403 2345 84
2345 2347 84
2347 2374 84
2374 2372 84
2372 653 84
653 376 84
376 398 84
398 381 84
381 370 84
370 372 84
372 373 84
373 371 84
371 382 84
382 397 84
397 377 84
377 384 84
384 6342 84
6342 6343 84
6343 21 84
21 19 84
19 29 84
29 24 84
24 31 84
31 23 84
23 159 84
159 1683 112
1683 6521 112
6521 1685 112
1685 6143 112
6143 35 152
35 36 152
36 34 152
34 6203 152
6203 229 152
229 188 152
188 166 152
166 201 152
201 171 152
171 165 152
165 179 152
179 204 152
204 220 152
220 206 152
206 212 152
212 184 152
184 219 152
219 227 152
227 190 152
190 211 152
211 200 152
200 192 152
192 1847 152
1847 6277 138
6277 3419 138
3419 210 144
210 168 155
168 214 155
214 218 155
218 187 155
187 191 155
191 3713 155
3713 228 155
228 185 155
185 217 155
217 213 155
213 207 155
207 220 155
220 203 155
203 180 155
180 172 155
172 202 155
202 167 155
167 1302 155
1302 6154 155
6154 1374 155
1374 6143 155
6327 3844 100
3844 6607 100
6607 4310 100
4310 3914 100
3914 5442 100
5442 5376 100
5376 5377 210
5377 4119 210
4119 6552 210
6552 6029 204
6029 5379 106
5379 3044 106
3044 6094 106
6094 3030 106
3030 3024 106
3024 3057 106
3057 3051 106
3051 3048 106
3048 3065 106
3065 3060 106
3060 3032 106
3032 3036 106
3036 4243 106
4243 3067 106
3067 3053 106
3053 3045 106
3045 3453 106
3453 3043 106
3043 3040 106
3040 3063 106
3063 3070 106
3070 5210 106
5210 5211 106
5211 3028 106
3028 3027 106
3027 3061 106
3061 3272 106
3272 5316 106
5316 3034 106
3034 3660 106
3660 1042 106
1042 1037 106
1037 1040 106
1040 5276 106
5276 5277 106
5277 5701 106
5701 5423 106
5423 3438 106
3438 1545 106
1545 1529 106
1529 1536 106
1536 3439 106
3439 1530 106
1530 1533 118
1533 1537 118
1537 1526 118
1526 1539 118
1539 1531 118
1531 1541 118
1541 1821 118
1821 2170 118
2170 2165 118
2165 2163 118
2163 3047 118
3047 3050 118
3050 443 118
443 440 118
440 441 118
441 442 118
442 348 118
348 6767 118
6767 6768 118
6768 6769 118
6769 6770 118
6770 6771 118
6771 6772 118
6772 5852 118
5852 6637 118
6637 1137 118
1137 1140 118
1140 1143 118
1143 1139 118
1139 1145 118
1145 6264 110
6264 6265 110
6265 6266 110
6266 6230 110
6230 6263 110
6263 5637 110
5637 6267 110
6267 6268 110
6268 3434 110
3434 5424 110
5424 5694 110
5694 5640 110
5640 1038 110
1038 1039 110
1039 1036 110
1036 1041 110
1041 4363 110
4363 3035 110
3035 4365 110
4365 4366 110
4366 3062 110
3062 3626 110
3626 3038 110
3038 5695 110
5695 5211 110
5211 3069 110
3069 3071 110
3071 3064 110
3064 3041 110
3041 3465 110
3465 3053 110
3053 3068 110
3068 4244 110
4244 3037 110
3037 3033 110
3033 3059 110
3059 3066 110
3066 3052 110
3052 3056 110
3056 3025 110
3025 3031 110
3031 3055 110
3055 5376 110
6029 4184 104
4184 5379 104
5379 3039 104
3039 5442 104
5442 5486 104
5486 3914 104
3914 6605 104
6605 6606 104
6606 5388 104
5388 6642 104
6642 6327 104
595 3466 117
3466 557 117
557 5843 117
5843 575 117
575 603 117
603 566 117
566 559 117
559 555 117
555 582 117
582 551 117
551 556 117
556 5403 117
5403 550 117
550 605 117
605 544 117
544 586 117
586 573 117
573 608 117
608 3467 117
3467 569 117
569 564 117
564 6140 117
6140 571 117
571 585 117
5731 5791 121
5791 5792 121
5792 5793 121
5793 5794 121
5794 5795 121
5795 5796 121
5796 3473 121
3473 3474 121
3474 3475 121
3475 3476 121
3476 5110 121
5110 5111 121
5111 6481 121
6481 6504 117
6504 6505 117
6505 3730 117
3730 598 117
598 588 117
588 590 117
590 601 117
601 611 117
611 567 117
567 600 117
600 579 117
579 591 117
591 561 113
561 546 113
546 3645 113
3645 553 113
553 547 113
547 3884 113
3884 595 113
596 3885 125
3885 548 125
548 3644 125
3644 545 125
545 562 125
562 592 121
592 580 121
580 581 121
581 568 121
568 578 121
578 602 121
602 594 121
594 589 121
589 599 121
599 552 121
552 554 121
554 597 121
597 3470 121
3470 3471 121
3471 3798 121
3798 5788 121
5788 5789 121
5789 5790 121
5790 5731 121
585 1839 97
1839 1855 97
1855 585 97
585 572 117
572 563 117
563 3663 117
3663 570 117
570 3468 117
3468 609 117
609 593 117
593 587 117
587 606 117
606 607 117
607 549 117
549 577 117
577 574 117
574 583 117
583 560 117
560 565 117
565 604 117
604 576 117
576 5842 117
5842 558 117
558 3469 117
3469 596 117
562 2282 4
1618 2306 138
2306 2316 138
2316 3970 138
3970 672 138
672 671 138
671 668 138
668 683 138
683 3971 138
3971 682 138
682 685 138
685 5841 138
5841 667 138
667 670 138
670 3972 138
3972 3973 138
3973 3974 138
3974 3975 138
3975 3976 138
3976 4419 138
4419 3977 138
3977 4444 138
4444 3978 138
3978 5058 138
5058 5044 138
5044 3980 138
3980 4045 138
4045 3981 138
3981 6492 138
6492 3502 138
3502 3503 138
3503 6014 138
6014 674 138
674 669 138
669 676 138
676 679 138
679 677 138
677 1281 137
1281 1881 137
1881 684 137
684 675 137
675 680 137
680 5839 137
5839 3508 137
3508 3910 137
3910 3591 137
3591 3509 137
3509 5949 137
5949 3943 137
3943 4044 137
4044 3944 137
3944 5045 137
5045 3945 137
3945 3946 137
3946 4034 137
4034 4495 137
4495 4250 137
4250 3948 137
3948 5733 137
5733 3949 137
3949 3950 137
3950 3951 137
3951 3952 137
3952 3953 137
3953 5840 137
5840 3954 137
3954 3955 137
3955 3956 137
3956 3957 137
3957 3958 137
3958 3959 137
3959 3960 137
3960 3961 137
3961 6060 48
6060 5690 48
5690 5691 48
5691 1618 48
3961 2285 89
2285 3643 89
3643 1618 89
6039 4172 139
4172 6532 139
6532 1348 139
1348 1363 494
1363 1405 515
1405 1371 515
1371 5485 515
5485 1366 515
1366 1332 515
1332 1356 515
1356 1377 515
1377 1353 515
1353 1395 515
1395 1344 515
1344 1349 515
1349 1407 515
1407 1391 515
1391 1401 515
1401 1397 515
1397 1381 515
1381 6189 515
6189 5467 515
5467 5464 515
5464 6199 515
6199 34 515
34 6282 515
6282 1358 515
1358 1374 517
1374 5465 517
5465 6210 517
6210 1343 517
1343 6115 517
6115 1380 517
1380 1400 517
1400 1392 517
1392 1408 517
1408 1344 517
1344 1398 517
1398 1360 517
1360 1354 517
1354 1403 517
1403 1376 517
1376 1339 517
1339 3590 517
3590 1378 517
1378 1351 517
1351 1375 517
1375 1364 517
1364 6531 148
6531 5426 148
5426 4299 148
4299 3029 148
3029 6028 148
1364 1348 355
6039 4172 291
4172 6532 291
6532 1363 291
1363 1371 291
1371 1332 291
1332 1353 291
1353 661 291
661 4066 291
4066 2069 291
2069 1695 291
1695 5467 291
5467 5464 291
5464 5462 170
5462 6527 170
6527 5472 258
5472 5470 258
5470 5469 258
5469 5476 253
5464 6211 121
6211 6527 103
5476 5479 278
5479 5468 278
5468 5471 278
5471 5472 278
5472 6527 278
6527 5461 293
5461 5465 293
5465 5466 293
5466 2596 293
2596 2069 293
2069 5454 293
5454 6351 293
6351 1354 293
1354 3590 293
3590 1351 293
1351 1364 293
1364 6531 293
6531 5426 293
5426 4299 293
4299 3029 293
3029 6028 293
1136 6259 262
6259 6261 262
6261 248 262
248 297 262
297 283 262
283 5425 262
5425 5637 262
5637 6251 262
6251 276 262
276 318 262
318 295 262
295 275 262
275 300 262
300 250 262
250 286 262
286 6252 262
6252 6486 262
6486 6273 262
6273 4186 262
4186 253 262
253 268 262
268 287 262
287 314 262
314 308 262
308 293 262
293 260 262
260 272 262
272 6274 262
6274 278 262
278 247 262
247 252 262
252 1031 262
1031 1033 262
1033 1017 262
1017 1024 262
1024 1021 262
1021 6293 262
6293 1026 262
1026 1015 262
1015 6257 262
6257 6296 262
6296 6158 262
6158 6258 264
6258 1014 264
1014 1025 264
1025 1011 264
1011 1020 264
1020 6241 264
6241 6283 264
6283 1034 264
1034 6242 264
6242 236 264
236 6284 264
6284 6243 264
6243 6285 264
6285 273 264
273 259 264
259 292 264
292 270 264
270 6245 264
6245 6286 264
6286 6287 264
6287 254 264
254 303 264
303 6488 264
6488 6288 264
6288 6487 264
6487 6246 264
6246 262 264
262 251 264
251 301 264
301 307 264
307 296 264
296 319 264
319 6253 264
6253 6247 264
6247 6262 264
6262 246 264
246 3733 264
3733 267 264
267 249 144
249 3744 144
3744 5854 144
5854 5725 144
5725 5856 144
5856 1136 136
267 5852 120
5852 6637 120
6637 1136 105
6637 1137 15
6480 6515 254
6515 6508 254
6508 6509 254
6509 6510 254
6510 6312 254
6312 6313 254
6313 2421 254
2421 2418 254
2418 6314 254
6314 2427 254
2427 2407 254
2407 2408 254
2408 2399 254
2399 3800 254
3800 2393 254
2393 3394 254
3394 2480 254
2480 2456 254
2456 2460 254
2460 2483 254
2483 2413 254
2413 2423 254
2423 2433 254
2433 2411 254
2411 2402 254
2402 6306 254
6306 2432 254
2432 2487 254
2487 6307 254
6307 6308 254
6308 2453 254
2453 6533 254
6533 2425 254
2425 2454 254
2454 6309 254
6309 2381 254
2381 6310 254
6310 2439 254
2439 2380 254
2380 2395 254
2395 2409 254
2409 2387 254
2387 2442 254
2442 2444 254
2444 2419 254
2419 2469 256
2469 3806 256
3806 1594 142
1594 1580 142
1580 6097 142
6097 6098 142
6098 6099 142
6099 6100 142
6100 1906 12
1906 1897 12
1897 3379 12
5480 6063 147
6063 6352 147
6352 6103 147
6103 6104 147
6104 6105 147
6105 6106 147
6106 2485 147
2485 2449 147
2449 2452 147
2452 2473 147
6100 5480 130
2473 2492 145
2492 2450 145
2450 1895 125
3806 2429 114
2429 2383 114
2383 2465 114
2465 1894 114
1894 1857 114
1857 1899 114
1899 1847 114
1847 1911 114
1911 1890 114
1890 1486 114
1486 1426 114
1426 1433 114
1433 1470 114
1470 1509 114
1509 1423 114
1423 1484 114
1484 1507 114
1507 4352 114
4352 4354 180
4354 4378 180
4378 411 180
411 1623 180
1623 1495 180
1495 1496 180
1496 4352 51
1496 1452 129
2450 3379 20
3379 2431 136
2431 3363 136
3363 2430 136
2430 2489 256
2489 2468 256
2468 2417 256
2417 2445 256
2445 2443 256
2443 2389 256
2389 2410 256
2410 6299 256
6299 6300 256
6300 2441 256
2441 2400 256
2400 6301 256
6301 2471 256
2471 6298 256
6298 2426 256
2426 2478 256
2478 2458 256
2458 6302 256
6302 6303 256
6303 6304 256
6304 6316 256
6316 2386 256
2386 2401 256
2401 2404 256
2404 6305 256
6305 2424 256
2424 2482 256
2482 2461 256
2461 2457 256
2457 2481 256
2481 3413 256
3413 2394 256
2394 3801 256
3801 6317 256
6317 2414 256
2414 3381 256
3381 3382 256
3382 3383 256
3383 3369 256
3369 3370 256
3370 5907 256
5907 6315 256
6315 6506 256
6506 6507 256
6507 6513 256
6513 6514 256
6514 6480 256
1895 5481 120
5481 6067 120
6067 6068 120
6068 6069 120
6069 1600 120
1600 1562 120
1562 2430 120
1452 1507 115
1507 1484 115
1484 1449 115
1449 1510 115
1510 1471 115
1471 1434 115
1434 1427 115
1427 1884 115
1884 1891 115
1891 1912 115
1912 1848 115
1848 1900 115
1900 1858 115
1858 3379 119
6640 1774 76
1774 6380 76
6380 1742 76
1742 962 76
962 5478 76
5478 5938 76
5938 2505 76
2505 2572 76
2572 5479 76
5479 68 76
68 6159 76
6159 36 76
36 6142 76
6142 6203 76
6203 5475 76
5475 6152 84
6152 5461 84
5461 5463 84
5463 6158 84
6158 6330 84
6330 4092 84
4092 2563 84
2563 2506 84
2506 2504 84
2504 5938 84
5938 5478 84
5478 1735 84
1735 1730 84
1730 1743 84
1743 6380 84
6380 1775 84
1775 6640 84
6147 3620 82
3620 6148 82
6148 4179 82
4179 6144 82
6144 6152 82
6152 5461 82
5461 5463 82
5463 6158 82
6158 6330 82
6330 4092 82
4092 2812 82
2812 2810 82
2810 1785 82
1785 6640 82
6640 1785 82
1785 2811 82
2811 2813 82
2813 5479 82
5479 68 82
68 6159 82
6159 36 82
36 6142 82
6142 6203 82
6203 6145 82
6145 5886 82
5886 478 82
478 5857 82
5857 6147 82
2893 2895 94
2895 114 94
114 1918 94
1918 1915 94
1915 3349 84
3349 1917 84
1917 4266 84
4266 242 84
242 5996 84
5996 6249 164
6249 6250 164
6250 5187 84
5187 3022 84
3022 298 84
298 282 84
282 290 84
290 4317 84
4317 6259 84
6259 6261 84
6261 248 84
248 297 84
297 283 76
283 5425 76
5425 5637 76
5637 6267 76
6267 6378 76
6378 2685 76
2685 2677 76
2677 2605 76
2605 2601 76
2601 6384 76
6384 1302 76
1302 6154 76
6154 6347 76
6347 6215 76
339 340 94
340 39 94
39 40 94
40 41 94
41 42 94
42 2893 94
6215 36 72
36 6201 72
6201 1316 72
1316 6385 72
6385 5601 72
5601 2605 72
2605 2706 72
2706 2684 72
2684 5423 72
5423 6247 72
6247 6262 72
6262 246 72
246 3733 72
3733 267 72
267 249 80
249 3738 80
3738 4316 80
4316 289 80
289 281 80
281 299 80
299 3021 80
3021 5996 80
6250 6387 80
6387 242 80
242 4265 80
4265 1916 80
1916 3348 80
3348 339 80
6143 6142 106
6142 6203 106
6203 5949 106
5949 6353 106
6353 6636 108
6636 6553 108
6553 6354 108
6354 6554 108
6554 6355 108
6355 6555 108
6555 6556 108
6556 6356 108
6356 6557 108
6557 6357 108
6357 6358 108
6358 6558 108
6558 6359 108
6359 6559 108
6559 6360 108
6360 6631 108
6631 6560 108
6560 6361 108
6361 6632 108
6632 6362 108
6362 6553 108
6553 6562 108
6562 3981 108
3981 6492 108
6492 6152 108
6152 5461 108
5461 6143 108
2288 592 10
592 6365 10
6365 2311 10
2111 587 62
587 606 62
606 655 62
655 1045 62
1045 3269 62
3120 3090 68
3090 3102 68
3102 3640 68
3640 3155 68
3155 3103 68
3103 3079 68
3079 3090 68
3090 3092 68
158 16 28
16 10 28
10 12 28
12 14 28
14 3 28
3 915 28
915 916 30
916 384 30
384 408 30
408 402 30
402 400 30
400 418 28
418 375 28
375 5678 28
5678 6137 28
6137 1511 28
1511 1439 28
1439 1473 28
1473 1418 28
1418 1417 28
1417 9 28
9 6 28
6 7 28
7 12 28
12 11 28
11 6475 28
6475 159 28
5856 1137 8
